1 20000057 134725 134726 136406 137247 137249 137251 136412 136413 135574 136416 137256 137257 138097 138937 138097 138095 137255 137254 138934 140614 143133 143973 145654 147334 147335 147334 147335 148175 149015 149013 149012 149851 149849 149847 150685 150683 150681 151519 151518 153198
0 20000430 134725 136405 136399 137238 138078 138918 139758 140598 141438 142278 143118 143958 144798 145638 145637 146475 147316 148157 148158 148998 149838 150678 151518 152359
0 20000120 134725 134726 136406 137246 138927 139767 141447 141448 141447 141446 142285 143124 143962 143961 144800 145641 146481 147320 148159 148158 148998 149838 151518 152358
0 20000600 134725 135565 136405 136399 137238 138078 138918 139758 140598 142278 143118 143958 144798 145637 146476 147316 148157 148998 149838 150678 151518 152359
0 20000359 134725 135565 136405 136399 136398 138078 139758 140598 141438 142278 143958 144798 145637 146475 147316 148157 148158 149838 150678 151518 152359
0 20000686 134725 134727 135568 136408 136406 136399 136398 137238 138078 138918 139758 140598 142278 143118 143958 145638 146476 147315 148157 148158 148998 149838 150678 151518 152359
0 20000011 134725 135565 136405 136399 136398 137238 138078 139758 140598 141438 143118 143958 145637 146475 147315 148995 150675 152355 154034 154876 154877 154038 153198
0 20000486 135564 137245 137244 136403 136402 135561 136400 137239 137238 138918 140598 141438 142278 143958 145637 146475 147315 148995 151515 152355 153195 153196 153197
0 20000663 134725 135565 136405 136398 137238 138078 138918 139758 140598 141438 143118 144798 145637 146475 147316 148157 148158 148998 149838 150678 151518 151519 152359
0 20000686 134725 135567 135568 136408 136407 136398 138078 138918 140598 142278 144798 145637 147315 147316 148158 149838 150678 151518 152359
0 20000046 134725 134726 136406 137247 138087 138927 139768 140607 141447 142287 143128 145648 147329 148169 149009 149010 149850 149849 149848 149847 149846 150685 150683 150682 151520 151518 152358
0 20000163 134725 135565 136405 136399 136398 138078 139758 140598 141438 143118 143958 144798 145637 146476 147315 148995 150675 152355 153195 153196 153197 154037 154038 153198
1 20000032 135566 136406 137247 138087 138927 139767 141447 142287 143128 143127 143126 144806 144805 146485 147326 148166 149006 149846 150685 150684 150683 150681 151520 151519 152359
0 20000217 134725 134726 134725 134726 135566 136406 137246 138087 138927 139767 140607 141447 142287 143128 143968 145648 146488 148169 149009 149850 149848 149847 150686 150684 150683 150682 150681 151519 152359
0 20000436 134725 135565 136405 136399 136398 138078 140598 141438 143118 144798 145637 146476 147316 148157 148998 149838 150678 151518 153198 154879 154878 154038 153198
0 20000328 134725 134726 135566 136406 137247 138927 139767 141447 143128 144808 146488 148169 149850 149849 149848 149846 150684 150682 151520 151518 152358 154038 154878 154038
0 20000021 134725 134726 136406 138087 138927 140607 141447 141448 142287 142286 142285 143125 143124 143962 143961 143960 144799 146479 147318 148998 149838 151518 152358
0 20000242 134725 136405 136398 137238 138078 138918 139758 141438 142278 143958 145637 145636 147315 148995 150675 150677 150678 151518 152359
0 20000006 134725 136405 136399 137238 138078 138918 139758 140598 141438 143118 143958 144798 145637 146475 147316 148157 148158 149838 150678 151518 152359
0 20000021 134725 134726 134727 135568 136408 136407 136406 136405 136399 137238 138078 139758 140598 142278 143118 143958 144798 146476 147315 148155 149835 150675 151515 152355 153195 153196 153197 152358 153198
0 20000446 134725 134726 135567 135568 136408 136407 136405 136399 137238 138918 139758 140598 142278 143958 144798 145637 146475 147316 148157 148158 149838 150678 151518 151519 152359
0 20000541 134725 135566 136405 136399 137238 138078 138918 139758 140598 141438 143118 143958 143118 143958 144798 144797 145636 146476 148157 148158 148998 150678 151518 152358 153198
0 20000901 134725 136405 136399 136398 138078 138918 140598 142278 143118 143958 145638 146476 147315 148157 148158 148998 149838 151518 152358
0 20000118 134725 134726 136406 137247 138087 139768 141447 142288 143968 146488 148169 148168 148167 148166 149006 150686 150683 150682 151520 151518 152358 153198
0 20000315 134725 135565 136405 136399 136398 138078 138918 140598 141438 142278 143958 144798 145636 146476 146475 147316 148157 148158 148998 149838 150678 151518 152359
0 20000436 134725 135565 136405 137244 136398 138078 138918 140598 141438 142278 143118 144798 145637 146475 147316 148157 148158 149838 150678 151518 152359
0 20000263 134724 135563 136402 135561 136400 137239 137238 138078 138918 139758 140598 141438 143118 143958 145638 146476 147315 147316 148157 148998 149838 150678 151518 152358
0 20000057 134725 135566 136406 137247 138087 138927 139767 141447 143128 143968 145648 147329 148169 149010 149850 149849 149848 149847 149846 150685 150684 150682 150680 151519 151518 152358
0 20000067 134725 134726 134727 135568 136408 136407 136406 136405 136398 137238 138918 139758 140598 141438 142278 143958 144798 145637 146475 147316 148157 148158 149838 151518 154038 154039 154038
0 20000669 134725 135565 136405 136399 137238 138918 140598 142278 143118 144798 145637 146475 147316 148157 148998 149838 150678 151518 152358
0 20000640 134725 134726 135567 136408 136406 136398 137238 140598 142278 143118 143958 144798 145637 146476 147315 148995 149835 151515 153195 153196 153197 152358 153198
0 20000359 134725 134726 136406 137247 138927 139767 140607 141447 143127 144808 146488 148169 151530 153210 154049 153209 152368 151528 150688 149848 149847 150687 150686 150684 150682 151520 151518 152359
0 20000057 134725 134726 135566 136406 137246 138087 139768 140607 143128 144808 146488 148169 149009 149850 149848 149846 150684 150682 151519 151518 152358
0 20000359 134725 134727 135568 136408 136407 136405 136398 138078 139758 141438 142278 143118 143958 144798 145637 146476 146475 147316 148157 148158 149838 150678 151518 152359
0 20000446 134725 136405 136398 137238 138918 139758 141438 143118 144798 145637 146475 147316 148157 148158 149838 150678 151518 152358
0 20000472 134725 135565 136405 136399 136398 138078 138918 139758 140598 141438 142278 143118 143958 144798 145637 147315 148156 148158 148998 149838 150678 151518 152358 152359
0 20000305 135564 136404 137244 137243 136403 136402 135561 137240 137239 137238 138918 139758 140598 142278 143118 143958 144798 145636 146475 147316 148157 148998 149838 151518 152358 154039
0 20000391 134725 135565 136405 137245 136398 137238 139758 140598 142278 143118 144798 145637 146475 147316 148157 148158 148998 149838 150678 151518 152358
0 20000359 134725 136405 136398 138078 138918 140598 143118 144798 146476 147316 147317 148157 148998 149838 151518 152359
0 20000686 134725 134727 135568 136408 136406 136398 138078 139758 142278 143118 143958 145637 147315 147316 148157 148158 148998 150678 151518 152359
0 20000686 134725 136405 136398 137238 138078 138918 139758 140598 142278 143118 143958 144798 146476 146475 147316 148157 148158 148998 149838 150678 151518 152359
0 20000309 134725 134726 135566 136406 137247 138927 139767 141447 142287 143968 145648 147329 148169 149009 149010 149850 149848 149847 149846 150685 150683 150681 151520 151519 152359
0 20000004 134725 135565 136405 136399 137238 138078 138918 139758 140598 141438 142278 143118 143958 144798 145637 146475 147316 148157 148158 148998 150678 151518 152359
0 20000436 134725 136405 136399 136398 138078 139758 141438 143118 143958 144798 146477 147315 148155 150675 151515 152355 153195 153196 153197 152358 153198
0 20000224 134726 135567 135568 136407 136406 137245 136398 137238 138918 140598 142278 143118 143958 144798 145637 146475 147316 148157 148158 148998 149838 151518 153198 153199
0 20000188 134725 134726 134727 135568 136408 136407 136406 136405 136399 136398 138078 138918 140598 142278 143118 143958 144798 145637 146476 147315 148155 148995 149835 150675 152355 153195 153196 153197
0 20000497 134725 136405 137244 136398 137238 138078 139758 141438 143118 143958 145638 146476 147315 148995 150675 151515 152355 153195 153196 153197
0 20000190 134725 134726 135568 136408 136407 136406 136399 136398 137238 138078 138918 139758 141438 143118 144798 145637 146475 147316 148157 148158 148998 149838 150678 151518 152359
0 20000686 134725 135565 136405 136398 137238 138078 138918 139758 140598 141438 143118 143958 144798 145637 146476 146475 147316 148157 148158 149838 150678 151518 152359
0 20000351 134726 135567 135568 136407 137246 137247 138927 139767 141447 143127 144808 146488 147329 151530 153210 154050 154047 154886 154046 154045 154882 154879 154038 153198
0 20000157 134725 135565 136405 136399 136398 137238 138078 138918 139758 140598 141438 142278 143118 143958 144798 145637 146476 147315 147316 148157 148158 149838 151518 152358
0 20000065 134725 135565 136405 136399 137238 138918 139758 140598 141438 143118 144798 145637 146475 147316 148157 148158 148998 149838 150678 151518 152359
0 20000250 134725 134726 136406 137246 137247 138927 139767 140607 141447 142287 143968 144808 146488 148169 148168 148166 149006 149846 150685 150684 150683 150681 151519 152359
0 20000686 134725 136405 136399 137238 138918 140598 142278 144798 145636 147315 148156 148157 148998 149838 150678 151518 152359
0 20000036 135564 136404 136405 137244 137243 136403 135563 135562 136400 137240 137239 137238 138078 139758 140598 142278 143118 143958 145638 146476 147316 148157 148158 148998 149838 150678 151518 152358
0 20000384 134725 136405 136399 138078 138918 140598 141438 143118 143958 145637 146475 147316 148156 148157 148158 149838 150678 151518 152359
0 20000492 134725 136405 136398 137238 138078 138918 139758 140598 142278 143118 143958 145638 145637 146476 147316 148157 148158 148998 149838 150678 151518 152359
0 20000419 134725 135565 136405 136398 137238 138078 138918 139758 140598 141438 142278 143958 144798 145637 146476 147315 147316 148157 148158 149838 150678 151518 152359
0 20000005 134725 135565 136405 136399 137238 139758 140598 143118 143958 145638 146476 147316 148157 148158 149838 151518 153198 154879 154878 154038 153198
0 20000006 134725 135565 136405 136399 136398 138078 139758 140598 141438 143118 143958 144798 145638 146476 147316 148156 148158 148998 149838 151518 151519 152359
0 20000326 134725 136405 136399 136398 138078 138918 140598 141438 143118 143958 144798 145638 145637 146475 147316 148157 148158 148998 149838 150678 151518 152359
1 20000031 134725 135566 136406 138087 138927 139767 141447 142287 143127 143126 143966 144805 143124 143963 143961 144800 146481 147321 149001 149842 150682 150681 151519 151518 153198 154038
0 20000446 134725 135565 136405 136399 137238 138078 138918 139758 140598 141438 143118 143958 145637 146475 147316 148157 148998 149838 150678 151518 152359
0 20000273 134725 135566 136406 137247 138927 140607 142287 143127 144807 144808 146488 148169 149009 149850 149849 149848 149847 150686 150684 150682 151519 152358 154038
0 20000454 134725 134726 135566 136406 138087 138927 139767 140607 141447 141448 141447 142286 143125 143124 143963 143961 143960 144799 146479 148158 148998 150678 151518 152359
0 20000678 135564 134724 135564 136404 136405 137244 137243 136403 137242 138083 139763 139764 141444 142285 143124 143962 143961 143960 144799 144798 145638 146476 147316 148157 148158 149838 150678 151518 152358
0 20000004 134725 135565 136405 136399 136398 137238 138918 139758 140598 142278 143118 143958 145638 146476 146475 147316 148157 148158 148998 149838 150678 151518 152359
0 20000463 134725 135565 136405 136399 136398 137238 138078 139758 140598 142278 143958 144798 145637 146475 147316 148157 148158 148998 149838 150678 151518 152359
0 20000540 134725 136405 136398 137238 138918 140598 142278 143118 143958 144797 145637 146475 147315 148995 149835 150675 150677 150678 151518 153198 153199
0 20000506 134725 135565 136398 138078 139758 140598 142278 143118 143958 145637 146475 147316 148157 148158 148998 149838 150678 151518 152359
0 20000621 134725 135566 137246 137247 138087 138927 140607 141447 142288 142287 142286 142285 143124 143963 143961 144801 146481 148160 148159 148998 149838 150678 151518 152358 154039 154878 154038
0 20000030 134725 136405 136404 136403 135563 136402 137242 136402 135561 136400 137240 137239 137238 138918 140598 142278 143958 145637 146475 147316 148157 148158 149838 151518 153198
0 20000621 135564 134724 134725 136405 136398 137238 138918 140598 142278 143118 143958 144798 145638 146476 146475 148156 148157 148998 149838 150678 151518 152359 153199
0 20000686 134725 135565 136405 136398 138078 138918 139758 140598 142278 143958 145638 145637 146476 147315 147316 148157 148158 149838 150678 151518 152359
0 20000686 134725 135565 136405 136398 137238 138078 138918 139758 140598 142278 143118 144798 145637 146476 147315 148156 148157 148158 149838 151518 152359
0 20000012 134725 136405 136399 136398 138918 140598 141438 143118 144798 145637 146476 147316 148157 148158 148998 149838 150678 151518 153198 153199 153198
0 20000521 134725 135565 136405 136398 137238 138078 138918 139758 140598 142278 143118 143958 145638 145637 146476 147316 148157 148158 148998 149838 150678 151518 151519 152359
0 20000304 134724 135563 136402 135561 136400 137239 138078 139758 140598 142278 143118 144798 145637 146475 147316 148157 148998 149838 151518 152358 153198
0 20000456 134724 135563 135562 135561 136400 137240 137239 137238 138078 138918 140598 141438 143118 144798 145637 146476 147315 148156 148158 148998 149838 150678 151518 152359
0 20000686 134725 136405 136399 137238 138078 138918 139758 140598 141438 143118 144798 146476 147316 148157 148158 148998 149838 150678 151518 152359
0 20000686 134725 136398 139758 140598 141438 143958 144798 145636 146476 147316 148157 148158 149838 150678 151518 152358
0 20000367 134726 134727 135568 136408 137249 138089 138930 139770 141451 141450 141449 141446 142285 143125 143124 143963 143961 144800 144799 145639 146479 148158 148998 149838 151518 152358 153198 154038
0 20000423 134725 135565 136405 136398 137238 138918 139758 142278 143118 143958 145638 146476 147316 148157 148158 149838 150678 151518 153198
0 20000481 134725 135565 136405 136399 137238 138078 139758 140598 141438 143118 143958 144798 145638 145636 146476 147315 147316 148157 148158 148998 149838 150678 151518 150678 151518 152358 153198 154038 154039
0 20000333 134725 135566 136406 138087 138927 139767 140607 142287 143128 145648 147329 148169 149009 149850 149849 149848 148167 148166 149006 149846 150686 151526 153206 154045 154883 154881 154878 153198
0 20000367 134725 136405 136398 138078 138918 139758 141438 142278 143118 144798 145637 147315 148156 148158 148998 149838 151518 152359
0 20000686 134725 136405 136398 137238 138918 140598 141438 143118 143958 145637 146475 147316 148157 148158 148998 150678 151518 152358 153198
0 20000684 134726 134727 135568 136408 136407 136406 136399 137238 138078 139758 140598 142278 143118 143958 145637 146476 147315 147316 148157 148998 149838 150678 151518 152359 153199
0 20000226 134725 135565 136405 136399 137238 138918 140598 141438 143118 144798 145637 146475 147316 148157 148158 149838 150678 151518 152358
1 20000180 134726 134727 135567 135568 136408 137249 138089 138930 139770 140611 141451 142291 141451 141450 141448 142285 143124 143123 143963 143962 143961 144800 144801 146481 147321 148160 148159 148158 148998 149838 150678 151518 153198 154039
0 20000053 134725 134726 136406 137247 138087 138927 140607 142287 143127 143126 143965 144805 146485 148166 149006 149846 150685 150682 151519 151517 151515 153195 153196 153197
0 20000454 134725 136405 136398 137238 139758 140598 142278 143118 144798 145637 146475 147316 148157 148158 148998 149838 150678 151518 152359
0 20000245 134725 134726 135566 137247 138927 139767 140607 141447 143128 144808 146488 148169 149009 149850 149848 149846 150685 150682 151520 151518 152358
0 20000195 134725 134726 136406 138087 138927 139767 141447 141448 141447 142287 142285 143125 143963 143961 143959 144799 146479 147318 148158 148998 149838 150678 151518 152359
0 20000260 134724 135563 136402 135561 137240 137239 137238 138078 139758 140598 141438 143118 143958 144798 146476 147315 147316 148158 148998 150678 151518 151519 152359
0 20000446 134725 135565 136405 136399 137238 138078 139758 141438 143118 143958 144798 145637 146475 147316 148157 148158 149838 150678 151518 152358
0 20000280 134725 135565 136405 136399 136398 137238 138918 139758 140598 141438 142278 143118 143958 144798 146476 146475 147316 148157 148158 148998 149838 150678 151518 152359
0 20000297 134726 135567 135568 136407 136406 137247 138927 139767 141447 143128 145648 147329 148169 149850 149848 150686 150685 150682 151520 151518 153198 154039
0 20000263 134725 135565 136405 136398 137238 139758 141438 143118 144798 146476 147315 148155 149835 150675 151515 153195 153196 153197 153198 152358
0 20000549 134725 134726 135566 137246 138087 138927 139767 140607 142287 143128 143126 144805 146485 148166 149006 149846 150685 150683 150682 150681 151519 152359
0 20000426 134725 135565 136405 136399 136398 137238 138918 140598 141438 143118 143958 144798 145637 146475 147316 148157 148998 149838 150678 151518 152359
0 20000015 134726 134727 135568 137249 138089 138930 140610 141451 141450 141449 141448 142287 143127 144808 145648 147329 149009 149850 149849 149848 149846 150685 150683 150681 151519 151518 151516 152355 153195 153196 153197 152358
0 20000309 134725 134726 136406 137246 138087 138927 139767 140607 141447 142287 143128 144808 146488 148169 149010 149850 149848 149847 149846 150685 150683 150681 151519 152359
0 20000514 134726 134727 134726 134727 135567 136408 136407 136406 137247 138927 139767 141447 142287 143127 142287 141446 142285 143125 143123 143961 143960 144799 146479 147318 148998 149838 150678 151518 152358
0 20000391 134725 136399 138917 139758 141438 143118 143958 144798 147315 147316 148157 148158 148998 150678 152358
0 20000364 134726 134727 135567 135568 136408 136407 136406 137245 136398 138078 138918 139758 140598 141438 143118 143958 145638 146476 147315 147316 148157 148158 148998 149838 151518 152358
1 20000381 135566 136406 137246 137247 138927 139768 140607 141447 143128 143127 143126 143966 144805 145645 147326 149846 151526 153206 154046 154044 154883 155721 156561 157401 156560 155719 155718 154878 154038 154039
0 20000171 135564 136404 137245 137244 137243 136403 136402 137243 138083 138923 139763 139764 140604 141444 142285 143125 143124 143963 143962 143961 143959 144799 146479 147318 148158 148998 149838 150678 151518 152358
0 20000372 134725 136405 136398 138078 138918 139758 141438 142278 143118 143958 144798 145637 146476 147316 148157 148158 148998 149838 150678 151518 152359
1 20000381 135564 136404 137245 137244 137243 136403 136402 135561 136400 137240 137239 137238 138078 138918 140598 142278 143118 143958 145638 146476 147315 148995 150675 151515 152355 154034 154876 154877 154038 153198
0 20000273 135564 136404 137245 137244 136403 136402 135561 136400 137240 137239 137238 138918 140598 142278 143958 145637 146475 147316 148157 148998 149838 151518 153198 154038
0 20000136 135564 136404 137244 136403 135562 135561 137240 137239 137238 138078 138918 139758 141438 143118 144798 145637 145636 146475 147316 148157 148158 149838 150678 151518 152358 153198
0 20000648 134726 134727 135567 135568 136408 137249 138929 139770 140610 141451 141450 141448 142287 142288 143128 144808 145648 147329 149009 149850 149848 149847 150687 149847 150686 150685 150683 150682 151520 151519 151518 152358
0 20000239 134725 134726 135567 136408 137249 138089 138929 139770 140610 140611 141451 141450 141449 141447 142285 143125 143963 143961 143960 144799 145639 147318 148998 149838 151518 152358
0 20000578 134725 134727 135568 136408 136407 136406 136399 137238 138918 139758 141438 142278 143118 143958 145638 145636 146475 147315 148155 149835 150675 151515 153195 153196 152358
0 20000359 134725 136405 136398 138078 139758 140598 141438 142278 144798 145637 146475 147315 147316 148157 148158 148998 150678 151518 152359
0 20000359 134725 134726 135566 136406 138087 138927 139767 141447 142287 143968 145648 148169 151530 152370 153210 154049 154047 154886 154046 154045 154883 154882 154881 154879 154039 153198 152358 151518 152359
0 20000625 134725 134726 136406 137247 138927 139767 140607 141448 141447 141446 142285 142286 143124 143961 143959 144799 145639 148158 148998 150678 151518 152359
0 20000698 134725 134726 135566 136406 136405 136398 136397 137235 137234 138914 139754 140594 141433 142273 143952 144792 144791 145632 146473 147314 147315 148156 148157 148158 149838 150678 151518 152358 153198 154038 154039 154038
0 20000672 134725 135565 136406 136405 136399 136398 137238 138078 138918 139758 141438 142278 143958 144798 145637 146475 147315 148155 148995 150675 151515 153195 153196 153197 154037 154038 153198
0 20000015 134725 135565 136405 136399 136398 138918 140598 141438 143118 143958 144798 145637 146476 147316 148157 148158 148998 149838 151518 152358 153198
1 20000351 134724 134723 135563 136402 135562 136400 137240 137238 138918 140598 142278 143958 147315 147316 148158 149838 150678 151518 152358
0 20000686 134725 136398 138918 139758 141438 143118 144798 147316 148157 148998 150678 151518 152359
0 20000423 134725 134726 135566 136406 137247 138927 139767 140607 141447 141448 141447 141446 143126 143125 143963 143961 144799 145639 147318 148158 149838 150678 151518 152358
0 20000161 134725 135565 136405 136399 137238 138918 139758 140598 142278 143958 145638 146476 147315 147316 148157 148158 148998 150678 151518 152359
0 20000215 134725 134726 137246 138927 139767 140607 141447 142287 141447 143125 143124 143961 143960 145639 146479 148158 148998 150678 152358
0 20000066 134726 134727 135568 136408 137249 138089 138930 139770 140610 141451 141450 141449 141447 142285 143125 143124 143963 143961 143960 144799 146479 147318 148158 148998 149838 150678 151518 152358 153198 154038
0 20000460 135564 136404 136405 137244 136403 137242 135562 135561 135560 137240 137239 137238 138078 139758 140598 141438 143118 145637 147315 147316 148157 148998 149838 150678 151518 152359 152358
0 20000128 134725 135565 136405 136399 137238 138918 140598 141438 143118 143958 144798 145637 146476 147316 148157 148158 149838 150678 151518 151519 152359
0 20000671 134724 135563 135562 135561 136400 137240 137239 137238 138078 139758 140598 142278 143118 144798 146476 147315 148156 148157 148998 149838 151518 152358
0 20000114 134725 134726 136406 137247 138927 139768 140607 142287 143128 143126 143966 144805 145645 147326 149006 149846 150685 150683 150682 150680 151518 152358
0 20000235 134725 135565 136405 136399 137238 138078 140598 142278 143118 143958 145638 146476 147316 148157 148158 149838 150678 151518 153198
0 20000380 134725 135565 136405 136399 136398 138078 138918 139758 140598 142278 143118 144798 145637 146476 147315 147316 148157 148158 148998 149838 150678 151518 152359
0 20000503 134726 134727 135567 135568 136408 136409 137249 138089 138930 139770 141451 142291 141450 141448 142286 142285 143125 143124 143963 143962 143961 143960 144799 145639 147319 147318 148998 150678 151518 152358 153198 154038
0 20000288 134725 136405 136398 137238 138917 139758 142278 143118 143958 144798 146476 147315 148155 148995 149835 150675 151515 152354 154035 154876 154877 154878 154038 153198
0 20000678 134726 134727 135567 135568 136408 136409 137249 138089 138930 139770 141451 141450 141448 141446 143125 143964 143962 143961 143960 144799 146479 147318 148998 149838 150678 152358 153198 154038
0 20000309 135564 134724 134725 135565 136405 136399 137238 138918 139758 141438 143118 143958 144798 146476 147316 148157 148158 149838 151518 153198
0 20000604 134725 136399 137238 138078 139758 140598 142278 143118 144798 145638 146476 147315 147316 148157 148158 148998 149838 150678 151518 152359
0 20000010 134725 136405 136398 137238 138078 139758 141438 142278 143118 144798 145637 146475 147316 148157 148998 149838 150678 151518 152359
0 20000156 134725 134726 136406 138087 138927 139767 141447 143128 143127 143126 144806 144805 146485 147326 149006 149846 150685 150684 150682 150681 151519 152359 153199 153198
0 20000520 134724 135563 136402 138083 138923 139763 140604 141444 142285 143125 143124 143962 143960 144799 145639 147318 148998 149838 150678 152358 154038
0 20000273 134725 136398 139758 141438 143118 143958 145638 146476 147315 148155 148157 148998 149838 150678 151518 152358
0 20000359 134725 136406 138087 138927 139767 140607 141447 142288 143127 143966 144805 143124 143961 143960 145639 147318 148998 149838 150678 151518 152358
0 20000359 134725 135566 136406 138927 140607 141447 143968 145648 148169 149009 149850 149848 150687 150686 150685 150683 151520 151518 151517 152357
0 20000546 134725 134726 135566 136406 136405 136399 136398 138918 140598 141438 143118 143958 145638 146476 147316 148157 148158 149838 150678 151518 152358
0 20000166 134725 135565 136405 136399 136398 137238 138918 140598 141438 142278 143118 143958 145637 146476 147315 148156 148158 148998 149838 151518 152358
0 20000436 134725 136405 137245 136398 137238 138078 138918 139758 140598 143118 144798 145637 146475 147316 148157 148998 149838 150678 151518 152359
1 20000184 134725 134726 135567 138087 138927 139767 140607 141448 141447 142287 142286 143125 143961 144800 150682 151521 151520 151518 152359
0 20000517 134726 134727 135568 136408 136406 136399 137238 138078 139758 140598 142278 143118 143958 144798 145637 146476 147316 148157 148158 148998 149838 150678 151518 153198 154038
0 20000686 134725 136405 136398 137238 138918 139758 140598 142278 143118 144798 145637 146476 147316 148156 148157 148158 149838 150678 151518 151519 152359
0 20000054 134725 136405 136398 137238 138078 138918 139758 140598 141438 142278 143118 143958 145638 146476 146475 147316 148157 148158 148998 149838 150678 151518 152359
0 20000686 134725 136405 136399 136398 138078 138918 139758 140598 142278 143118 144798 145637 145636 146475 147316 148157 148158 148998 149838 150678 151518 151519 152359
0 20000285 134726 135567 135568 136407 136406 136399 136398 138078 139758 141438 143118 145638 146476 147316 148157 148158 149838 150678 151518 152358 153198
0 20000686 134725 134726 135567 135568 136408 137244 135561 137240 137239 137238 141438 143118 144798 145638 145636 147316 148157 148158 148998 149838 150678 151518 152359
0 20000010 134725 136405 136398 137238 138918 139758 140598 141438 142278 143958 144798 145637 146476 146475 147316 148157 148158 148998 150678 151518 152359
0 20000686 134725 134726 134727 135568 136408 136407 136406 136405 136398 138078 138918 140598 141438 142278 143118 143958 144798 145637 146476 147316 148157 148158 148998 150678 151518 151519 152359
0 20000561 134725 136405 136398 137238 139758 140598 141438 142278 143118 143958 144798 146476 147316 148157 148158 149838 151518 152358
0 20000524 134725 136405 136399 136398 137238 138078 139758 140598 141438 142278 143118 143958 144798 145638 145637 146475 147315 147316 148157 148158 148998 149838 150678 151518 150678 151518 152359
0 20000273 134725 135565 136405 136399 136398 138078 139758 140598 141438 143958 145638 146476 147315 148155 149835 150675 151515 152354 154034 154035 154876 154878 154038 153198
0 20000686 134725 135565 136405 136399 137238 138078 138918 139758 140598 141438 143118 143958 144798 146476 146475 147316 148157 148158 149838 151518 152359 153199 153198
0 20000686 134725 136405 136398 137238 138918 140598 141438 142278 143958 144798 145637 146476 146475 147316 148157 148158 149838 150678 151518 152359
0 20000161 134725 134726 136406 138087 138927 139768 141447 142288 143968 145648 147329 149009 149010 149850 149849 149848 149847 150686 150684 150682 151520 151518 153198 154038
0 20000333 134725 134726 135566 136406 137246 138927 139767 141447 142287 144807 146488 150690 151530 153210 154050 153209 152368 151528 150688 149848 150686 149846 150685 150684 150682 151520 151518 153198
0 20000166 134726 134727 135567 135568 136407 136406 136405 136397 136396 136395 137234 138914 140593 142273 143113 143952 144792 145632 146473 147314 147315 148156 148157 148158 148998 149838 150678 151518 152358
0 20000285 135564 134724 134725 134726 136406 137247 138927 139768 141447 143128 143127 143126 143966 144805 146485 149006 149846 150684 150682 151520 151519 152359
0 20000648 134725 135565 136405 136399 137238 138918 139758 140598 142278 143118 144798 145637 146475 147316 148157 148158 148998 149838 151518 150678 151518 153198 154038
0 20000496 134726 134727 135567 136408 136407 137246 138087 138927 139767 142287 143128 143127 143126 144805 146485 149006 149846 150685 150682 150681 151518 153198
0 20000364 134726 134727 135568 136408 136407 136406 136399 136398 137238 138078 138918 139758 141438 142278 143118 144798 145637 146476 147315 148995 149835 150675 151515 152355 153195 153196 153197 154037
0 20000436 134725 136405 136399 137238 138918 139758 140598 142278 143118 144798 145637 146476 147316 148157 148158 149838 150678 151518 152359
0 20000574 134725 135566 136406 138087 138927 140607 142287 143127 143126 143966 144805 143964 143962 143960 144799 147318 148158 148998 149838 150678 153198 152358
0 20000686 134725 136405 136399 137238 138078 138918 139758 140598 141438 142278 143118 143958 144798 145637 146476 147315 147316 148157 148158 149838 150678 151518 152359
0 20000436 134725 135565 136405 136399 137238 138918 139758 140598 141438 143118 143958 144798 145637 146476 147316 148157 148158 149838 150678 151518 152359
0 20000388 134725 134726 135567 135568 136408 136407 136405 136398 138078 139758 140598 141438 143118 143958 145637 146475 147315 148155 149835 151515 153195 153196 153197 152358
0 20000446 134725 135565 136405 136398 138078 139758 140598 142278 143118 144798 145637 146475 147316 148157 148158 148998 149838 151518 151519 152359
0 20000423 134725 135565 136405 136398 137238 138918 140598 141438 143958 145638 146476 146475 147316 148157 148158 149838 150678 151518 152358
0 20000320 135564 136404 137244 136403 137242 138083 138923 139764 141444 142285 143125 143124 143962 143961 144799 145639 147318 148158 149838 151518 152358 154038 154039 154038
0 20000506 134726 134727 135567 135568 136408 137249 138089 138929 138930 139770 141451 142291 141450 142290 142288 141446 142285 143125 143124 143962 143960 144799 145639 147318 148158 148998 149838 150678 151518 152358
0 20000360 134725 136405 136398 138078 138918 140598 142278 143118 143958 144798 146476 147315 147316 148157 148998 149838 150678 151518 152358
1 20000506 134726 134727 135567 135568 136408 136407 137247 138087 138927 139767 139768 140607 142287 143128 144808 145648 146488 146489 147329 148169 148168 148167 148166 149006 149846 150686 150685 150684 150683 150681 151519 151518 151516 151515 152355 153195 153196 153197 154037
0 20000195 135564 134724 134725 135565 136405 136399 137238 138918 139758 140598 142278 143118 143958 144798 146476 147315 148156 148158 148998 150678 151518 153198
0 20000178 134725 136405 136399 136398 138078 138918 140598 141438 143118 143958 145638 146476 147316 148157 148158 148998 149838 150678 151518 152359
0 20000436 134725 136405 136398 137238 138918 140598 141438 143118 144798 145637 146476 147316 148157 148158 148998 149838 151518 152359
0 20000669 134725 135565 136405 136399 137238 138078 138918 140598 141438 143118 143958 145638 146476 147316 148157 148158 149838 151518 152358
0 20000446 134725 135566 136406 138087 139767 140607 141448 142287 142286 142285 143125 143963 143961 143960 144799 144798 145638 146476 147316 148157 148158 149838 150678 151518 152358
0 20000173 134725 135565 136405 136398 137238 138918 140598 142278 143958 144798 145636 147315 148155 149835 150675 151515 152355 154034 154035 154877 154038 153198
0 20000686 134725 136405 136398 137238 138078 138918 139758 140598 142278 143118 143958 144797 145637 146476 146475 147316 148157 148158 149838 150678 151518 152359
0 20000527 134725 136398 138078 141438 143958 145637 146476 146475 147316 148157 148158 148998 149838 150678 151518 152359
0 20000235 134725 134726 135566 136406 137247 137248 137249 138089 138930 140610 141451 141450 141448 142286 143125 143124 143962 143961 143959 145639 147318 148158 149838 151518 152358 154038 154039 154038 154039
0 20000391 134725 134726 136406 137247 138087 138927 139767 141447 142287 143968 145648 148169 149010 148171 149012 149852 149851 149850 149848 149846 150684 150682 151519 151518 152358
0 20000235 134725 135565 136405 137245 136398 137238 138078 139758 140598 142278 143118 144798 145637 146476 147316 148157 148158 149838 151518 152359
0 20000446 134725 134727 135568 136407 136405 136399 137238 138078 138918 139758 141438 142278 143118 143958 145638 145637 146476 147316 148157 148158 148998 149838 150678 151518 152359
1 20000618 134725 134726 135566 136406 137247 138087 138927 139767 140607 141447 142288 142286 142285 143125 143964 143962 143960 144799 144798 145637 146476 147315 148995 149835 150675 151515 153195 153196 153197 152358
0 20000423 134725 134726 136406 137247 138087 138927 139767 140607 141447 142287 143128 143968 145648 148169 149009 149850 149849 149848 149847 150686 150684 150681 151519 152358
0 20000161 134725 135565 136405 136399 137238 138918 140598 142278 143118 144798 145637 146475 147316 148157 148158 149838 150678 151518 152359
1 20000506 134726 134727 135567 135568 136408 136407 136406 137247 138087 138927 139767 140607 141447 142287 143128 143968 144808 146488 148169 148168 148167 148166 149006 149846 150686 151526 152366 153206 154046 154045 154044 154883 154882 154881 154880 154879 154878 154038 153198
0 20000506 134725 134726 135567 135568 136408 136407 136406 136405 136398 138078 139758 140598 142278 143118 143958 144798 145638 146476 147316 148156 148157 148998 149838 150678 151518 152359 153199 153198
0 20000361 134725 135565 136405 137244 136398 137238 138078 138918 139758 140598 141438 143118 143958 144798 145637 146475 147315 148155 148157 148158 148998 149838 150678 151518 151519 152359
0 20000436 134725 135565 136405 136399 137238 138918 140598 141438 143118 143958 144798 146476 147315 147316 148157 148998 149838 150678 151518 152359
0 20000315 134725 136405 136399 136398 137238 138078 138918 140598 141438 143118 143958 145638 146476 146475 147316 148157 148158 148998 149838 150678 151518 152359
0 20000192 134724 134725 135565 136404 136403 135563 135562 135560 137240 137239 137238 138078 138918 139758 141438 142278 143118 143958 145638 146476 146475 147316 148157 148158 149838 150678 151518 152358
0 20000159 134724 135563 135562 135561 136400 137239 137238 138918 139758 140598 142278 143958 145637 146476 147315 148155 149835 150675 152355 153195 153196 152357 152358
0 20000423 134725 134726 135566 137246 138927 139767 140607 141447 142287 143128 144808 147328 148169 149009 149010 149850 149849 149848 149847 150686 151526 152366 154046 154045 154883 154881 154879 154878 154038 153198
0 20000250 134725 135565 136405 136399 136398 138078 138918 139758 140598 142278 143118 143958 144798 145637 146476 146475 147315 148155 148995 149835 150675 150676 150678 151518 152359
0 20000653 134725 135565 136405 136399 136398 138078 138918 139758 140598 141438 143118 144798 145637 146475 147316 148157 148158 148998 149838 150678 151518 152359
0 20000136 134724 135563 135562 135561 136400 137240 137239 138078 139758 140598 141438 143118 143958 145637 146475 147315 148155 149835 150675 151515 152355 153195 153196 152358
0 20000463 134725 135565 136405 136398 138078 138918 139758 140598 141438 143118 143958 144798 146476 147315 147316 148157 148158 149838 150678 151518 152359
0 20000429 134726 134727 135568 136408 136407 137246 137247 138927 139767 140607 141447 141448 142287 141447 142285 143125 143124 143963 143961 143960 144799 145639 147319 148158 148998 149838 151518 153198 154038
0 20000054 134725 134726 135566 137246 137247 138087 138927 139767 140607 141447 142287 144808 146488 148169 148168 148167 148166 149006 150686 150684 150682 151519 152359
0 20000280 135564 134724 134725 135565 136405 136399 136398 138078 139758 141438 143118 143958 144798 145637 146476 147315 148155 149835 150675 151515 152355 153195 153196 153197 153198
0 20000260 134726 135567 135568 136407 136406 136399 136398 138078 138918 140598 141438 142278 143118 143958 144798 146476 147315 148157 148158 148998 149838 150678 151518 152359
0 20000129 134725 135565 136405 136399 136398 137238 138078 138918 139758 140598 142278 143118 143958 144798 145637 146476 147315 147316 148157 148158 148998 150678 151518 150678 151518 151519 152359
0 20000548 134725 136399 138078 138918 143958 143118 146476 147316 148158 149838 151518 152358
0 20000542 134725 134726 135567 136408 136407 136405 140598 142278 144798 145637 146475 147316 148157 148158 148998 150678 151518 152359
0 20000524 134725 135565 136405 136398 137238 138918 139758 140598 141438 143118 144798 145637 146475 147316 148157 148158 149838 151518 152358 153198
0 20000400 134725 135565 136399 136398 137238 138078 138918 139758 140598 142278 143958 145638 146476 147315 148157 148158 148998 149838 150678 151518 152358 153199 154039
0 20000578 134725 136405 136399 136398 138078 139758 140598 142278 143118 144798 145637 146475 147316 148157 148158 149838 150678 151518 153198 153199
0 20000514 134726 134727 135568 136407 136406 136405 136398 138078 139758 140598 142278 143118 144798 145637 147315 147316 148157 148998 149838 151518 152359
0 20000506 134726 134727 135568 136408 136407 137247 138087 138927 139767 141447 143127 144807 146488 148169 149009 149850 149849 149848 149847 150685 150683 150681 151519 152358 154038 154878 154038 153198
0 20000325 134725 134726 135566 136406 138927 139767 140607 141447 142287 143127 144808 145648 147328 147329 148169 149009 149850 149849 149848 149847 150684 150682 150681 151519 151518 153198
0 20000315 134725 135565 136405 136398 137238 138078 138918 139758 140598 142278 143118 144798 145637 146476 147315 147316 148157 148158 149838 150678 151518 152359
0 20000050 134725 135565 136405 136398 137238 138077 138918 139758 140598 142278 143118 144798 145637 146475 147316 148157 148158 148998 149838 150678 151518 152359
0 20000686 134725 136405 136398 137238 138078 138918 140598 142278 143118 144798 145637 146475 147316 148157 148158 148998 149838 151518 152359
0 20000430 134725 136405 136399 137238 138918 139758 141438 143118 144798 145637 146476 147315 148155 149835 150675 151515 152355 153195 153196 153197
0 20000014 134726 134727 135567 136408 137249 138089 138930 140610 141451 141449 141447 142285 143125 143124 143962 143961 143959 144799 145639 146479 147318 148998 149838 150678 151518 153198
0 20000436 134725 135565 136405 136399 137238 138918 140598 142278 143118 143958 145637 146476 147316 148157 148158 149838 150678 151518 152359
0 20000195 134725 136405 136398 137238 138918 139758 140598 141438 143118 143958 144798 145637 146476 146475 147316 148157 148158 146475 147316 148157 148158 148998 150678 151518 151519 152359
0 20000686 134725 135565 136405 136399 137238 138918 139758 140598 141438 143118 144798 145637 146475 147316 148157 148158 148998 149838 150678 151518 152359
0 20000626 134726 136406 137247 138087 138927 139767 140607 141448 141447 142285 143125 143124 143962 143961 143960 144799 146479 148158 148998 149838 150678 151518 153198
0 20000554 134726 134727 135568 136407 136406 137247 138087 138927 139767 141447 141448 141447 142286 142285 143125 143962 143961 143959 145639 147318 148998 150678 151518 152358 154039 154878 154038 153198
0 20000453 134725 134726 135566 136406 137246 138087 138927 139767 140607 142287 143128 143968 144808 145648 147329 148169 148168 148167 148166 149006 149846 150685 150684 150682 150681 151519 151518 152359
0 20000686 134725 134726 134727 135568 136408 137247 136406 137245 136398 138078 139758 140598 141438 143118 143958 144798 145637 147315 147316 148157 148158 149838 150678 151518 152359
0 20000549 134725 135565 136405 136399 136398 138078 138918 139758 140598 141438 142278 143958 144798 145637 146476 146475 147315 148155 148995 149835 150675 151515 152355 153195 153194 154034 154876 154877 154038
0 20000361 134724 135563 136402 135562 135561 136400 137240 137239 137238 138918 139758 141438 142278 143118 143958 145638 146476 147315 148156 148158 148998 149838 151518 153198 154039
0 20000632 134725 136405 136399 136398 138078 138918 139758 140598 141438 142278 143118 143958 144798 145637 146476 146475 147316 148157 148158 148998 149838 150678 151518 152359
1 20000446 134725 135565 136405 136399 136398 138078 138918 139758 140598 141438 142278 143958 150678 151518 152359
0 20000184 134726 134727 135567 135568 136408 136407 136406 136399 137238 138918 140598 142278 143118 144798 145637 146475 147316 148156 148158 148998 149838 150678 151518 153198
0 20000364 135564 136404 134724 134725 135565 136405 136398 137238 138918 140598 142278 143118 143958 146475 147316 148157 148158 148998 149838 150678 151518 152359
0 20000686 134725 134726 135568 136407 136406 136405 137238 138078 138918 139758 141438 143118 143958 144798 145637 146476 146475 147316 148157 148158 149838 151518 152359
0 20000246 134725 136399 136398 138078 138918 139758 140598 141438 143118 143958 144798 146476 146475 147316 148157 148158 148998 149838 150678 151518 152359
0 20000192 135564 134724 134725 136405 136398 138078 138918 139758 140598 141438 143118 143958 145637 146475 147316 148157 148158 149838 150678 151518 152358
0 20000014 134726 135567 135568 136408 137249 138089 139770 141451 141449 141447 142285 143125 143963 143961 143960 144799 145639 147318 148158 149838 150678 151518 153198
0 20000297 134725 135565 136405 136399 136398 137238 138918 140598 142278 143118 143958 144798 146476 147315 148155 149835 150675 151515 153195 153196 153197
