1372636951620000320
1372636854620000520
1372637610620000497
1372639536620000570
1372640943620000596
1372638451620000621
1372641749620000571
1372642168620000570
1372642178620000060
1372636896620000360
1372642071620000305
1372639380620000201
1372637754620000007
1372644253620000574
1372637072620000367
1372644642620000305
1372646710620000367
1372646917620000190
1372644406620000486
1372647382620000686
1372646864620000089
1372639441620000012
1372649178620000153
1372646810620000672
1372646419620000372
1372646925620000596
1372654229620000663
1372651253620000565
1372652766620000534
1372650736620000012
1372653132620000239
1372653635620000665
1372656387620000571
1372656577620000421
1372656241620000539
1372656183620000195
1372661494620000166
1372649947620000360
1372660188620000247
1372657983620000190
1372659774620000231
1372663271620000454
1372662088620000076
1372659148620000009
1372662421620000304
1372664679620000186
1372662383620000687
1372663487620000268
1372663164620000542
1372663640620000319
1372664892620000009
1372661557620000229
1372663270620000503
1372661798620000525
1372664417620000180
1372664642620000272
1372662016620000294
1372663780620000178
1372664500620000546
1372666118620000051
1372664372620000113
1372665131620000376
1372664485620000400
1372664787620000397
1372665422620000598
1372665148620000199
1372663871620000085
1372666326620000680
1372666109620000508
1372666721620000057
1372666084620000409
1372667457620000076
1372666248620000640
1372667405620000598
1372665555620000664
1372667656620000487
1372666327620000120
1372664885620000101
1372665435620000159
1372664892620000663
1372667178620000685
1372666656620000481
1372665600620000406
1372667799620000050
1372666091620000349
1372667894620000589
1372666258620000049
1372668421620000093
1372668612620000487
1372668303620000256